4.833984	-39.782715	-9.570313
4.876709	-39.794922	-9.60083
4.821777	-39.788818	-9.735107
4.870605	-39.782715	-9.729004
4.864502	-39.764404	-9.796143
4.89502	-39.837646	-9.783936
4.888916	-39.752197	-9.753418
4.89502	-39.776611	-9.594727
4.852295	-39.691162	-9.484863
4.840088	-39.727783	-9.454346
4.846191	-39.709473	-9.417725
4.815674	-39.733887	-9.417725
4.89502	-39.727783	-9.533691
4.833984	-39.709473	-9.527588
4.864502	-39.72168	-9.527588
4.870605	-39.72168	-9.490967
4.925537	-39.72168	-9.460449
4.882812	-39.746094	-9.649658
4.89502	-39.733887	-9.619141
4.882812	-39.868164	-9.710693
4.876709	-39.727783	-9.70459
4.833984	-39.794922	-9.759521
4.79126	-39.685059	-9.771729
4.766846	-39.801025	-9.70459
4.840088	-39.831543	-9.588623
4.779053	-39.630127	-9.625244
4.80957	-39.709473	-9.619141
4.766846	-39.770508	-9.570313
4.803467	-39.746094	-9.680176
4.797363	-39.794922	-9.680176
4.840088	-39.691162	-9.765625
4.815674	-39.776611	-9.796143
4.840088	-39.685059	-9.759521
4.858398	-39.758301	-9.759521
4.852295	-39.678955	-9.735107
4.858398	-39.703369	-9.674072
4.779053	-39.801025	-9.655762
4.760742	-39.678955	-9.655762
4.772949	-39.691162	-9.594727
4.718018	-39.746094	-9.509277
4.760742	-39.715576	-9.613037
4.766846	-39.691162	-9.58252
4.815674	-39.703369	-9.594727
4.797363	-39.758301	-9.619141
4.840088	-39.746094	-9.729004
4.797363	-39.758301	-9.729004
4.821777	-39.72168	-9.698486
4.840088	-39.733887	-9.729004
4.803467	-39.703369	-9.643555
4.785156	-39.727783	-9.674072
4.760742	-39.746094	-9.60083
4.772949	-39.654541	-9.58252
4.785156	-39.727783	-9.503174
4.718018	-39.703369	-9.594727
4.742432	-39.72168	-9.588623
4.754639	-39.794922	-9.631348
4.827881	-39.746094	-9.570313
4.80957	-39.691162	-9.564209
4.882812	-39.72168	-9.759521
4.833984	-39.733887	-9.710693
4.846191	-39.697266	-9.790039
4.846191	-39.727783	-9.674072
4.815674	-39.642334	-9.686279
4.803467	-39.72168	-9.649658
4.772949	-39.727783	-9.564209
4.736328	-39.624023	-9.570313
4.797363	-39.648437	-9.570313
4.742432	-39.660645	-9.570313
4.80957	-39.61792	-9.594727
4.79126	-39.642334	-9.564209
4.827881	-39.660645	-9.698486
4.797363	-39.73999	-9.643555
4.858398	-39.685059	-9.680176
4.864502	-39.697266	-9.698486
4.840088	-39.672852	-9.649658
4.846191	-39.672852	-9.667969
4.803467	-39.575195	-9.680176
4.724121	-39.575195	-9.649658
4.785156	-39.660645	-9.619141
4.718018	-39.63623	-9.631348
4.772949	-39.727783	-9.576416
4.718018	-39.678955	-9.58252
4.742432	-39.685059	-9.60083
4.797363	-39.715576	-9.533691
4.846191	-39.648437	-9.631348
4.803467	-39.660645	-9.680176
4.815674	-39.593506	-9.796143
4.89502	-39.581299	-9.765625
4.888916	-39.593506	-9.7229
4.907227	-39.581299	-9.613037
4.876709	-39.562988	-9.527588
4.821777	-39.538574	-9.49707
4.797363	-39.63623	-9.460449
4.925537	-39.605713	-9.674072
4.748535	-39.593506	-9.613037
4.718018	-39.562988	-9.619141
4.766846	-39.624023	-9.649658
4.699707	-39.630127	-9.70459
4.785156	-39.63623	-9.729004
4.766846	-39.678955	-9.753418
4.827881	-39.648437	-9.771729
4.846191	-39.605713	-9.7229
4.772949	-39.544678	-9.7229
4.785156	-39.61792	-9.625244
4.730225	-39.630127	-9.564209
4.718018	-39.538574	-9.509277
4.742432	-39.599609	-9.338379
4.693604	-39.556885	-9.423828
4.766846	-39.556885	-9.362793
4.718018	-39.483643	-9.423828
4.760742	-39.550781	-9.387207
4.730225	-39.569092	-9.472656
4.797363	-39.581299	-9.423828
4.815674	-39.520264	-9.503174
4.779053	-39.51416	-9.509277
4.821777	-39.575195	-9.509277
4.772949	-39.532471	-9.515381
4.766846	-39.581299	-9.484863
4.730225	-39.550781	-9.429932
4.779053	-39.544678	-9.362793
4.821777	-39.532471	-9.332275
4.754639	-39.459229	-9.27124
4.797363	-39.508057	-9.313965
4.803467	-39.471436	-9.301758
4.846191	-39.459229	-9.423828
4.833984	-39.489746	-9.356689
4.907227	-39.489746	-9.49707
4.901123	-39.532471	-9.472656
4.907227	-39.483643	-9.484863
4.91333	-39.477539	-9.368896
4.840088	-39.453125	-9.368896
4.852295	-39.471436	-9.234619
4.907227	-39.532471	-9.161377
4.79126	-39.416504	-9.259033
4.876709	-39.544678	-9.161377
4.80957	-39.447021	-9.130859
4.888916	-39.477539	-9.197998
4.901123	-39.465332	-9.197998
4.943848	-39.49585	-9.143066
4.901123	-39.483643	-9.27124
4.925537	-39.489746	-9.307861
4.919434	-39.49585	-9.344482
4.968262	-39.508057	-9.332275
4.943848	-39.483643	-9.442139
4.907227	-39.4104	-9.442139
4.91333	-39.483643	-9.301758
4.882812	-39.532471	-9.313965
4.833984	-39.428711	-9.289551
4.882812	-39.51416	-9.259033
4.827881	-39.51416	-9.228516
4.858398	-39.501953	-9.356689
4.870605	-39.422607	-9.313965
4.91333	-39.483643	-9.472656
4.864502	-39.422607	-9.393311
4.968262	-39.440918	-9.429932
4.91333	-39.489746	-9.509277
4.962158	-39.459229	-9.515381
4.980469	-39.489746	-9.216309
5.224609	-39.300537	-8.911133
5.328369	-39.202881	-8.679199
5.291748	-39.300537	-8.831787
5.407715	-39.27002	-8.807373
5.682373	-39.318848	-8.837891
5.657959	-39.306641	-9.118652
5.755615	-39.447021	-9.25293
5.755615	-39.343262	-9.619141
5.834961	-39.471436	-9.875488
5.804443	-39.550781	-10.150146
5.773926	-39.550781	-10.321045
5.810547	-39.575195	-9.979248
5.841064	-39.440918	-9.777832
5.804443	-39.465332	-9.429932
5.786133	-39.385986	-9.393311
5.712891	-39.361572	-9.58252
5.706787	-39.483643	-9.753418
5.670166	-39.49585	-9.844971
5.725098	-39.447021	-9.875488
5.712891	-39.434814	-9.753418
5.749512	-39.434814	-9.515381
5.718994	-39.39209	-9.539795
5.767822	-39.343262	-9.417725
5.749512	-39.4104	-9.533691
5.743408	-39.39209	-9.838867
5.749512	-39.51416	-9.838867
5.767822	-39.447021	-9.906006
5.725098	-39.422607	-9.783936
5.664062	-39.343262	-9.680176
5.670166	-39.276123	-9.58252
5.67627	-39.349365	-9.58252
5.596924	-39.385986	-9.674072
5.621338	-39.440918	-9.759521
5.718994	-39.422607	-9.893799
5.633545	-39.556885	-10.174561
5.548096	-39.581299	-10.736084
5.895996	-39.697266	-11.315918
6.036377	-39.678955	-11.749268
6.060791	-39.727783	-12.182617
6.103516	-39.849854	-12.664795
6.12793	-39.886475	-13.183594
6.182861	-39.910889	-13.427734
6.359863	-39.855957	-13.110352
6.439209	-39.776611	-12.664795
6.445312	-39.733887	-12.39624
6.384277	-39.691162	-12.463379
6.323242	-39.764404	-12.451172
6.243896	-39.752197	-12.384033
6.298828	-39.801025	-12.310791
6.280518	-39.776611	-12.091064
6.323242	-39.678955	-12.091064
6.298828	-39.72168	-12.04834
6.262207	-39.709473	-12.255859
6.268311	-39.764404	-12.414551
6.304932	-39.733887	-12.329102
6.469727	-39.794922	-12.39624
6.408691	-39.764404	-12.512207
6.439209	-39.709473	-12.719727
6.5979	-39.849854	-13.07373
6.585693	-39.868164	-13.720703
6.5979	-39.892578	-14.624023
6.365967	-39.959717	-14.959717
6.237793	-40.014648	-15.118408
5.981445	-40.057373	-15.209961
5.883789	-40.008545	-14.831543
5.578613	-39.990234	-13.891602
5.133057	-39.764404	-12.402344
4.486084	-39.685059	-11.035156
3.607178	-39.538574	-10.229492
2.667236	-39.544678	-9.655762
0.506592	-39.477539	-9.60083
-0.457764	-39.520264	-10.375977
-1.397705	-39.648437	-11.383057
-2.514648	-39.660645	-12.719727
-3.771973	-39.73999	-14.239502
-4.89502	-39.648437	-15.838623
-5.859375	-39.538574	-17.260742
-6.732178	-39.367676	-17.871094
-7.531738	-39.215088	-17.687988
-8.135986	-39.050293	-16.717529
-8.59375	-38.873291	-15.789795
-9.014893	-38.830566	-15.17334
-9.240723	-38.690186	-14.96582
-9.393311	-38.635254	-14.874268
-9.436035	-38.641357	-14.416504
-9.155273	-38.641357	-13.873291
-8.587646	-38.83667	-13.7146
-7.958984	-39.007568	-14.367676
-7.281494	-39.27002	-15.966797
-6.616211	-39.343262	-17.901611
-6.158447	-39.422607	-19.464111
-5.67627	-39.501953	-20.440674
-5.273437	-39.434814	-20.556641
-5.096436	-39.648437	-20.20874
-5.047607	-39.51416	-19.848633
-4.949951	-39.642334	-19.732666
-4.974365	-39.593506	-19.873047
-5.322266	-39.550781	-19.439697
-5.67627	-39.593506	-19.262695
-6.213379	-39.39209	-19.586182
-7.006836	-39.215088	-20.245361
-7.897949	-38.922119	-21.014404
-8.758545	-38.690186	-21.417236
-9.594727	-38.409424	-21.5271
-10.27832	-38.293457	-21.270752
-10.906982	-38.128662	-21.063232
-11.254883	-38.012695	-20.776367
-11.499023	-38.000488	-20.819092
-12.078857	-37.72583	-20.782471
-12.39624	-37.719727	-20.819092
-12.597656	-37.420654	-22.637939
-13.018799	-36.895752	-24.32251
-13.702393	-36.437988	-25.689697
-14.141846	-36.126709	-26.434326
-14.752197	-35.748291	-26.654053
-15.454102	-35.388184	-27.178955
-16.107178	-34.906006	-27.856445
-16.748047	-34.436035	-28.552246
-17.327881	-33.990479	-29.077148
-18.023682	-33.605957	-29.223633
-18.670654	-33.276367	-29.13208
-19.500732	-32.952881	-28.80249
-20.233154	-32.69043	-28.277588
-21.160889	-32.415771	-27.587891
-23.010254	-31.304932	-27.215576
-23.7854	-30.615234	-27.410889
-24.633789	-29.956055	-27.636719
-25.32959	-29.351807	-27.783203
-26.049805	-28.851318	-27.819824
-26.531982	-28.381348	-27.79541
-27.111816	-27.886963	-27.838135
-27.319336	-27.575684	-27.893066
-26.782227	-28.240967	-27.398682
-26.251221	-29.058838	-26.055908
-26.025391	-29.663086	-24.21875
-25.439453	-30.426025	-22.558594
-24.432373	-31.201172	-21.533203
-22.613525	-32.641602	-20.153809
-21.228027	-33.59375	-19.805908
-19.592285	-34.539795	-19.311523
-17.987061	-35.394287	-18.591309
-15.991211	-36.236572	-17.687988
-13.995361	-37.078857	-16.326904
-12.072754	-37.713623	-15.478516
-10.162354	-38.232422	-15.484619
-8.422852	-38.757324	-16.308594
-7.122803	-39.0625	-17.590332
-5.859375	-39.27002	-18.475342
-4.522705	-39.483643	-19.232178
-3.289795	-39.605713	-20.153809
-1.818848	-39.611816	-21.124268
2.227783	-39.727783	-21.801758
4.650879	-39.697266	-21.203613
7.354736	-39.477539	-20.20874
10.083008	-39.215088	-18.939209
12.524414	-38.73291	-17.608643
14.727783	-38.171387	-16.516113
16.564941	-37.567139	-16.107178
18.157959	-36.987305	-16.564941
19.287109	-36.682129	-17.346191
20.269775	-36.254883	-18.084717
21.075439	-35.9375	-18.457031
21.740723	-35.559082	-19.177246
22.473145	-35.089111	-20.623779
23.248291	-34.368896	-23.010254
25.20752	-32.141113	-27.783203
26.226807	-30.92041	-29.705811
27.142334	-29.614258	-31.207275
28.314209	-28.338623	-32.263184
29.425049	-27.13623	-32.867432
30.749512	-25.793457	-33.312988
32.055664	-24.450684	-33.721924
33.111572	-23.150635	-33.953857
33.959961	-21.881104	-34.350586
34.576416	-20.574951	-35.223389
34.783936	-19.592285	-36.248779
34.570312	-18.75	-37.268066
34.460449	-18.347168	-38.018799
33.843994	-18.011475	-38.916016
33.654785	-17.962646	-39.086914
33.612061	-17.96875	-39.300537
33.477783	-17.858887	-39.39209
33.685303	-17.553711	-39.642334
33.972168	-16.864014	-39.807129
34.216309	-16.125488	-40.100098
34.545898	-15.509033	-40.29541
34.851074	-14.971924	-40.454102
35.015869	-14.532471	-40.661621
34.985352	-14.4104	-40.692139
35.308838	-14.251709	-40.643311
35.375977	-14.129639	-40.362549
35.388184	-14.111328	-40.41748
35.253906	-14.28833	-40.429687
35.150146	-14.459229	-40.319824
35.247803	-14.654541	-40.142822
35.27832	-14.764404	-39.880371
35.290527	-15.179443	-39.691162
34.973145	-15.789795	-39.611816
34.686279	-16.876221	-39.18457
34.387207	-18.359375	-38.189697
34.069824	-20.147705	-36.846924
33.520508	-21.704102	-35.650635
32.781982	-23.010254	-34.991455
31.799316	-24.279785	-34.442139
30.718994	-25.610352	-33.996582
29.589844	-26.800537	-33.764648
26.727295	-29.278564	-32.836914
25.079346	-30.79834	-31.872559
23.370361	-32.36084	-30.462646
21.563721	-33.959961	-28.540039
19.946289	-35.296631	-26.464844
18.493652	-36.328125	-24.194336
17.449951	-37.030029	-21.734619
16.680908	-37.561035	-18.829346
16.094971	-37.82959	-16.125488
15.472412	-37.731934	-13.464355
15.197754	-37.426758	-10.656738
15.05127	-36.859131	-7.891846
14.709473	-36.138916	-5.541992
13.250732	-35.253906	-2.258301
12.414551	-34.918213	-0.958252
11.541748	-34.405518	0.32959
10.876465	-33.996582	1.367188
10.552979	-33.734131	1.843262
10.424805	-33.59375	2.111816
10.412598	-33.563232	2.264404
10.101318	-33.569336	2.270508
9.387207	-33.886719	2.008057
8.319092	-34.503174	1.470947
7.049561	-35.070801	0.732422
5.81665	-35.516357	0.274658
4.602051	-35.72998	-0.042725
3.503418	-35.858154	-0.085449
2.069092	-35.211182	1.147461
1.873779	-34.47876	2.46582
1.507568	-33.752441	3.515625
0.756836	-33.111572	4.46167
-0.268555	-32.562256	5.004883
-1.281738	-31.90918	5.67627
-2.288818	-31.37207	6.286621
-3.320313	-30.969238	6.488037
-4.754639	-30.621338	6.524658
-6.512451	-30.12085	6.585693
-8.410645	-29.315186	6.921387
-10.070801	-28.308105	7.189941
-11.340332	-27.423096	7.647705
-12.078857	-26.586914	8.056641
-12.738037	-25.012207	9.063721
-13.244629	-24.310303	9.490967
-13.73291	-23.675537	9.7229
-14.093018	-23.040771	10.03418
-14.709473	-22.485352	10.150146
-15.679932	-21.948242	9.942627
-16.97998	-21.557617	9.442139
-18.292236	-21.228027	8.831787
-19.366455	-21.166992	8.148193
-20.245361	-21.331787	7.470703
-20.910645	-21.533203	6.933594
-21.307373	-21.801758	6.37207
-21.685791	-21.899414	6.121826
-22.32666	-21.337891	6.152344
-22.460937	-20.97168	6.085205
-22.888184	-20.367432	6.359863
-23.168945	-19.714355	6.57959
-23.583984	-18.896484	6.842041
-23.944092	-18.060303	6.896973
-24.383545	-17.39502	6.903076
-24.591064	-16.650391	7.067871
-24.749756	-15.795898	7.299805
-24.822998	-15.020752	7.489014
-24.926758	-14.447021	7.659912
-24.993896	-13.873291	7.891846
-24.810791	-13.256836	8.258057
-24.682617	-12.60376	8.71582
-25.018311	-11.218262	8.917236
-25.524902	-10.418701	8.59375
-26.147461	-9.60083	8.435059
-26.428223	-8.966064	8.325195
-26.507568	-8.294678	8.398438
-26.251221	-7.556152	8.624268
-25.671387	-6.92749	9.112549
-24.963379	-6.384277	9.661865
-24.32251	-5.700684	10.314941
-23.773193	-5.285645	10.675049
-23.309326	-4.705811	10.961914
-22.937012	-4.119873	11.26709
-22.558594	-3.686523	11.553955
-21.826172	-3.582764	12.030029
-21.533203	-3.826904	12.298584
-21.118164	-4.46167	12.518311
-20.629883	-4.968262	12.774658
-19.995117	-5.615234	13.07373
-19.348145	-6.14624	13.336182
-18.566895	-6.610107	13.708496
-17.559814	-6.744385	14.196777
-16.430664	-6.994629	14.624023
-15.374756	-7.342529	14.978027
-14.306641	-7.788086	15.393066
-12.95166	-8.221436	15.85083
-11.468506	-8.306885	16.418457
-10.03418	-8.416748	16.760254
-7.13501	-9.686279	17.370605
-5.981445	-10.272217	17.578125
-4.693604	-10.38208	17.687988
-3.100586	-10.687256	17.938232
-1.641846	-11.523438	17.932129
-0.421143	-12.597656	17.779541
0.799561	-13.50708	17.541504
2.160645	-14.39209	17.181396
3.607178	-15.435791	16.864014
4.925537	-16.73584	16.394043
6.176758	-18.151855	15.789795
7.354736	-19.293213	15.130615
8.575439	-20.379639	14.526367
9.832764	-21.64917	13.598633
11.950684	-24.499512	11.468506
12.811279	-26.202393	9.967041
13.311768	-27.880859	8.203125
13.702393	-29.595947	6.549072
14.147949	-30.804443	4.840088
15.020752	-31.610107	3.503418
16.229248	-32.098389	2.099609
17.926025	-32.202148	0.909424
19.622803	-31.872559	0.158691
21.130371	-31.774902	-0.982666
22.229004	-31.890869	-2.325439
23.095703	-32.275391	-4.095459
23.626709	-32.843018	-6.036377
24.44458	-33.642578	-10.498047
25.201416	-33.618164	-12.420654
25.793457	-33.514404	-13.720703
26.379395	-33.184814	-14.892578
27.703857	-32.495117	-16.540527
29.260254	-31.323242	-18.572998
30.316162	-30.505371	-20.52002
30.755615	-29.986572	-22.015381
30.859375	-29.705811	-23.779297
30.517578	-29.577637	-25.579834
29.632568	-29.632568	-27.612305
28.143311	-29.901123	-29.827881
26.257324	-30.291748	-31.896973
23.431396	-30.340576	-35.235596
22.943115	-29.852295	-36.407471
22.967529	-29.107666	-37.5
23.205566	-28.143311	-38.751221
23.382568	-27.069092	-40.063477
23.419189	-25.762939	-41.693115
22.753906	-24.121094	-43.87207
21.655273	-22.32666	-46.264648
20.587158	-20.910645	-48.095703
19.616699	-19.866943	-49.32251
18.841553	-19.396973	-50.115967
17.974854	-19.750977	-50.158691
16.973877	-20.556641	-50.061035
15.551758	-20.703125	-50.360107
13.311768	-19.647217	-51.739502
12.365723	-19.708252	-51.977539
11.077881	-20.20874	-51.757812
9.539795	-20.465088	-52.032471
7.855225	-19.958496	-52.606201
6.14624	-18.786621	-53.594971
4.748535	-16.96167	-54.669189
3.564453	-15.161133	-55.712891
2.374268	-13.922119	-56.365967
1.177979	-13.598633	-56.542969
-0.134277	-14.135742	-56.103516
-1.702881	-15.631104	-55.297852
-3.308105	-17.39502	-54.23584
-4.724121	-18.725586	-53.204346
-7.440186	-19.140625	-52.313232
-8.776855	-17.987061	-52.728271
-10.009766	-16.772461	-53.057861
-11.37085	-15.942383	-53.076172
-12.750244	-15.509033	-52.709961
-13.763428	-14.794922	-52.935791
-14.575195	-13.409424	-53.198242
-15.484619	-11.645508	-53.55835
-16.265869	-10.345459	-53.729248
-16.674805	-9.503174	-54.01001
-16.96167	-9.100342	-53.857422
-17.1875	-8.972168	-53.833008
-17.553711	-8.764648	-53.80249
-18.670654	-6.921387	-53.747559
-19.451904	-5.480957	-53.582764
-20.3125	-4.406738	-53.381348
-21.099854	-4.412842	-52.954102
-21.783447	-5.529785	-52.288818
-22.674561	-7.446289	-51.141357
-23.297119	-9.405518	-50.097656
-23.583984	-11.053467	-49.237061
-23.852539	-12.445068	-48.449707
-24.053955	-13.684082	-47.65625
-24.041748	-15.203857	-46.832275
-23.907471	-16.998291	-45.76416
-23.88916	-18.835449	-44.348145
-24.090576	-20.220947	-43.103027
-24.737549	-21.673584	-41.021729
-24.804687	-22.357178	-40.112305
-24.639893	-23.480225	-39.160156
-24.414062	-24.54834	-37.835693
-24.353027	-25.732422	-36.334229
-24.261475	-26.696777	-34.881592
-24.090576	-27.69165	-33.575439
-23.87085	-28.607178	-31.982422
-23.907471	-29.138184	-30.706787
-24.359131	-29.327393	-29.425049
-25.219727	-29.016113	-28.527832
-26.190186	-28.442383	-28.063965
-26.922607	-27.972412	-27.325439
-27.502441	-27.91748	-26.116943
-27.947998	-28.088379	-23.901367
-28.338623	-27.667236	-23.815918
-29.052734	-26.922607	-24.597168
-29.797363	-25.775146	-25.738525
-30.46875	-24.780273	-26.831055
-30.865479	-24.090576	-27.416992
-31.298828	-23.596191	-27.520752
-31.646729	-23.120117	-27.600098
-31.884766	-22.747803	-27.844238
-31.958008	-22.497559	-28.070068
-32.012939	-22.44873	-28.240967
-32.226562	-22.052002	-28.546143
-32.4646	-21.295166	-29.394531
-32.653809	-19.488525	-32.220459
-32.592773	-18.914795	-33.233643
-32.36084	-18.762207	-33.69751
-32.324219	-18.841553	-33.831787
-32.269287	-18.87207	-33.807373
-32.385254	-18.908691	-33.587646
-32.476807	-18.933105	-33.36792
-32.446289	-18.951416	-33.422852
-32.385254	-18.731689	-33.752441
-32.452393	-17.980957	-34.698486
-32.366943	-16.680908	-36.303711
-31.82373	-15.429688	-38.201904
-31.158447	-14.556885	-39.959717
-30.767822	-13.696289	-41.125488
-29.968262	-11.816406	-43.237305
-29.11377	-11.108398	-44.580078
-28.308105	-10.559082	-45.623779
-27.740479	-10.009766	-46.453857
-26.904297	-9.606934	-47.265625
-26.043701	-10.03418	-47.906494
-25.085449	-11.315918	-48.162842
-24.572754	-12.731934	-47.894287
-24.060059	-13.470459	-47.900391
-22.973633	-13.409424	-48.822021
-21.221924	-13.116455	-50.085449
-19.274902	-12.988281	-51.33667
-17.718506	-12.908936	-52.203369
-14.788818	-12.866211	-53.601074
-13.665771	-12.896729	-53.967285
-12.939453	-13.244629	-54.174805
-12.072754	-13.830566	-54.095459
-10.919189	-14.398193	-54.223633
-9.057617	-14.233398	-54.840088
-7.043457	-13.146973	-55.889893
-5.474854	-11.645508	-56.878662
-4.675293	-10.949707	-57.23877
-4.711914	-11.755371	-56.939697
-5.358887	-13.641357	-56.085205
-6.079102	-15.478516	-55.010986
-6.530762	-16.448975	-54.467773
-6.750488	-16.387939	-54.449463
-7.592773	-13.653564	-55.493164
-8.093262	-11.364746	-56.286621
-4.321289	-11.804199	-56.878662
-0.921631	-10.949707	-57.415771
0.90332	-7.70874	-58.709717
1.77002	-4.937744	-59.332275
2.679443	-4.321289	-59.515381
5.029297	-4.925537	-59.313965
6.677246	-4.840088	-59.332275
7.440186	-4.23584	-59.307861
8.92334	-4.626465	-59.014893
10.351563	-6.45752	-58.319092
10.876465	-8.978271	-57.568359
11.413574	-11.352539	-56.567383
12.762451	-14.807129	-54.79126
12.744141	-16.723633	-53.582764
12.762451	-19.311523	-52.044678
12.585449	-22.070312	-50.115967
12.225342	-24.432373	-48.309326
12.164307	-26.165771	-46.64917
12.249756	-27.502441	-45.373535
12.493896	-28.411865	-44.238281
12.963867	-29.351807	-43.035889
13.641357	-29.901123	-42.004395
14.746094	-30.200195	-41.168213
15.991211	-30.078125	-40.777588
17.218018	-29.730225	-40.539551
19.63501	-28.967285	-39.971924
20.52002	-28.509521	-40.045166
21.539307	-27.56958	-40.454102
22.998047	-26.538086	-40.667725
24.438477	-25.390625	-40.936279
25.732422	-24.127197	-41.339111
27.050781	-22.833252	-41.516113
28.344727	-21.875	-41.546631
29.486084	-20.983887	-41.326904
30.297852	-20.098877	-41.369629
30.725098	-19.476318	-41.546631
31.011963	-19.18335	-41.595459
30.957031	-19.049072	-41.687012
30.535889	-19.189453	-41.96167
30.444336	-19.024658	-42.047119
30.853271	-18.884277	-41.851807
31.567383	-18.304443	-41.625977
32.324219	-17.504883	-41.448975
32.971191	-16.436768	-41.558838
33.746338	-15.435791	-41.497803
34.423828	-14.239502	-41.693115
34.954834	-12.866211	-41.918945
35.491943	-11.486816	-42.303467
36.04126	-10.113525	-42.425537
36.309814	-8.764648	-42.700195
36.364746	-7.513428	-43.133545
36.395264	-6.378174	-43.54248
36.474609	-5.499268	-43.62793
36.669922	-5.023193	-43.475342
36.61499	-4.571533	-43.695068
36.499023	-3.692627	-43.896484
36.608887	-2.514648	-44.207764
36.602783	-1.275635	-44.219971
36.651611	-0.054932	-44.549561
36.444092	1.23291	-44.708252
36.224365	2.349854	-45.153809
35.931396	3.430176	-45.507812
35.546875	4.577637	-45.776367
34.985352	5.67627	-46.331787
34.387207	6.433105	-46.783447
33.770752	6.970215	-47.271729
31.976318	7.745361	-48.681641
30.700684	8.123779	-49.713135
29.418945	8.270264	-50.683594
27.990723	8.599854	-51.776123
26.330566	9.100342	-52.667236
24.713135	9.661865	-53.491211
23.144531	10.198975	-54.309082
21.600342	10.644531	-55.004883
20.367432	10.632324	-55.639648
19.458008	10.443115	-56.14624
18.536377	10.058594	-56.634521
17.407227	9.680176	-56.976318
16.040039	9.082031	-57.489014
13.311768	7.305908	-58.47168
12.268066	6.347656	-58.758545
11.254883	5.780029	-58.996582
10.26001	5.047607	-59.228516
9.020996	4.296875	-59.393311
7.855225	3.521729	-59.643555
6.591797	2.947998	-59.765625
5.218506	2.526855	-59.851074
3.881836	2.075195	-59.960937
2.880859	1.35498	-60.064697
2.050781	0.439453	-59.967041
1.12915	-0.592041	-59.783936
0.073242	-1.574707	-59.741211
-0.98877	-2.624512	-59.454346
-3.45459	-4.858398	-58.825684
-4.650879	-6.170654	-58.422852
-5.737305	-7.48291	-57.800293
-7.043457	-8.502197	-57.318115
-8.239746	-9.210205	-56.817627
-9.417725	-9.899902	-56.292725
-10.412598	-10.412598	-55.810547
-10.894775	-11.047363	-55.603027
-10.461426	-11.968994	-55.340576
-8.599854	-13.330078	-55.249023
-5.426025	-15.142822	-55.187988
-1.794434	-16.925049	-54.718018
0.756836	-18.127441	-54.144287
1.141357	-19.091797	-53.594971
-6.182861	-23.565674	-49.291992
-9.942627	-26.525879	-45.562744
-11.785889	-27.844238	-43.310547
-11.999512	-27.44751	-43.554687
-11.029053	-25.970459	-45.574951
-9.729004	-24.676514	-47.369385
-8.514404	-24.389648	-48.034668
-7.849121	-24.591064	-48.22998
-6.994629	-24.060059	-48.944092
-5.328369	-22.43042	-50.579834
-3.143311	-20.379639	-52.410889
-1.470947	-18.823242	-53.637695
-1.092529	-18.658447	-53.851318
-3.369141	-21.362305	-51.678467
-4.47998	-22.753906	-50.366211
-4.473877	-24.121094	-49.224854
-1.568604	-26.409912	-47.583008
2.001953	-28.741455	-45.483398
2.478027	-29.351807	-44.842529
1.300049	-29.418945	-44.708252
1.086426	-30.535889	-43.4021
1.312256	-31.738281	-41.802979
0.714111	-31.970215	-41.381836
-0.067139	-32.171631	-41.119385
-0.90332	-33.111572	-39.465332
-2.093506	-34.301758	-37.158203
-2.783203	-35.235596	-35.388184
-1.733398	-35.076904	-35.888672
-0.164795	-34.545898	-37.158203
1.623535	-34.16748	-37.786865
2.838135	-33.947754	-38.299561
3.723145	-33.691406	-38.800049
4.412842	-32.788086	-40.161133
5.047607	-31.524658	-41.97998
5.487061	-30.456543	-43.365479
5.712891	-30.340576	-43.591309
6.396484	-30.926514	-42.700195
6.768799	-31.665039	-41.644287
6.689453	-32.147217	-40.936279
7.025146	-32.666016	-40.112305
8.569336	-34.674072	-36.401367
8.972168	-35.406494	-34.777832
9.344482	-35.864258	-33.459473
9.918213	-36.639404	-31.530762
10.38208	-37.268066	-29.162598
10.314941	-38.012695	-26.776123
10.070801	-38.513184	-24.371338
9.436035	-38.964844	-22.32666
8.441162	-39.245605	-20.611572
7.36084	-39.51416	-19.40918
6.396484	-39.587402	-19.018555
5.603027	-39.666748	-19.20166
5.023193	-39.666748	-19.744873
4.974365	-39.642334	-19.946289
6.134033	-39.587402	-19.909668
7.159424	-39.49585	-19.683838
8.300781	-39.343262	-18.95752
9.362793	-39.257812	-18.084717
10.009766	-39.135742	-17.041016
10.308838	-39.093018	-15.539551
10.253906	-38.983154	-14.056396
9.545898	-38.916016	-12.207031
8.197021	-38.623047	-9.588623
6.970215	-38.000488	-6.567383
6.079102	-37.249756	-4.101562
5.310059	-36.834717	-3.027344
4.47998	-36.859131	-2.868652
3.747559	-36.865234	-2.893066
3.741455	-37.219238	-3.747559
3.68042	-37.780762	-5.163574
3.027344	-38.28125	-6.628418
4.016113	-38.952637	-9.155273
4.858398	-39.416504	-12.536621
4.705811	-39.703369	-13.806152
4.577637	-39.526367	-12.786865
4.754639	-39.306641	-11.49292
5.224609	-39.208984	-10.913086
5.81665	-38.909912	-9.533691
6.280518	-38.415527	-7.702637
6.512451	-37.939453	-6.134033
6.311035	-37.597656	-5.151367
5.535889	-37.426758	-4.388428
5.291748	-37.573242	-4.779053
3.979492	-37.463379	-4.125977
0.610352	-36.218262	-1.306152
-2.514648	-34.16748	2.11792
-2.600098	-33.197021	3.448486
-1.208496	-32.977295	4.071045
-0.634766	-32.36084	4.840088
-0.567627	-32.061768	5.279541
-0.177002	-32.092285	5.194092
-0.170898	-31.92749	5.46875
-0.610352	-31.57959	5.706787
-1.446533	-31.774902	5.535889
-2.69165	-32.177734	4.901123
-4.486084	-33.013916	3.338623
-5.279541	-33.483887	2.362061
-5.987549	-34.100342	1.330566
-6.445312	-34.320068	0.610352
-6.402588	-34.436035	0.634766
-4.956055	-34.0271	1.672363
-5.46875	-32.342529	4.11377
-6.82373	-31.04248	5.175781
-7.043457	-31.072998	5.090332
-6.262207	-30.841064	5.480957
-5.419922	-30.340576	6.365967
-5.236816	-29.80957	7.012939
-5.883789	-29.022217	7.702637
-6.549072	-27.923584	8.569336
-5.999756	-26.361084	10.076904
-5.523682	-25.952148	10.662842
-5.316162	-25.360107	11.181641
-5.273437	-24.804687	11.578369
-4.89502	-24.200439	12.097168
-4.119873	-23.608398	12.634277
-3.387451	-22.827148	13.208008
-3.057861	-21.984863	13.653564
-3.033447	-21.490479	13.989258
-2.984619	-21.313477	14.025879
-2.850342	-21.307373	14.099121
-2.911377	-21.124268	14.202881
-2.905273	-20.916748	14.294434
-2.606201	-20.355225	14.63623
-2.362061	-20.062256	15.008545
-1.873779	-19.604492	15.17334
-1.239014	-18.811035	15.716553
-0.506592	-17.559814	16.168213
0.128174	-16.253662	16.711426
0.787354	-15.06958	17.095947
1.507568	-13.83667	17.498779
2.154541	-12.60376	17.755127
2.56958	-11.437988	17.993164
2.630615	-10.72998	18.19458
2.612305	-10.168457	18.286133
2.789307	-9.698486	18.4021
2.91748	-9.545898	18.389893
3.338623	-9.594727	18.518066
4.01001	-9.466553	18.554687
5.13916	-9.423828	18.518066
6.176758	-9.332275	18.493652
6.768799	-9.655762	18.255615
7.000732	-10.223389	18.231201
7.647705	-10.870361	17.999268
8.862305	-11.291504	17.773437
10.180664	-11.462402	17.462158
11.199951	-11.590576	17.236328
11.975098	-12.072754	16.998291
12.695313	-12.927246	16.625977
13.269043	-14.300537	16.186523
14.025879	-17.773437	14.715576
14.343262	-19.793701	13.745117
14.367676	-22.30835	12.432861
14.038086	-24.938965	10.736084
14.038086	-26.89209	9.088135
14.61792	-28.302002	7.48291
15.661621	-29.455566	5.841064
16.882324	-30.328369	4.217529
18.389893	-30.883789	2.508545
20.318604	-30.932617	1.043701
22.30835	-30.847168	-0.482178
23.88916	-30.67627	-2.01416
25.195312	-30.737305	-3.479004
26.977539	-31.054687	-6.811523
27.67334	-30.810547	-7.69043
28.582764	-30.194092	-8.276367
29.522705	-29.644775	-8.38623
30.236816	-29.125977	-8.850098
31.036377	-28.619385	-9.295654
31.732178	-28.045654	-9.625244
32.562256	-27.392578	-9.94873
33.416748	-26.733398	-10.620117
34.301758	-26.00708	-11.132813
34.954834	-25.415039	-11.560059
35.339355	-25.079346	-12.084961
35.754395	-24.79248	-12.731934
36.340332	-24.047852	-12.780762
37.786865	-22.021484	-12.463379
38.500977	-20.983887	-12.542725
39.099121	-20.056152	-12.567139
39.73999	-19.024658	-12.329102
40.209961	-17.987061	-12.097168
40.679932	-16.925049	-11.553955
41.296387	-15.17334	-10.852051
41.955566	-13.079834	-10.211182
42.303467	-11.462402	-9.588623
42.565918	-9.60083	-8.618164
42.449951	-8.276367	-7.513428
41.845703	-8.258057	-6.097412
40.698242	-8.538818	-3.637695
39.251709	-9.088135	-1.373291
35.858154	-10.656738	2.850342
34.564209	-9.967041	4.522705
33.825684	-8.789063	5.541992
32.885742	-8.111572	6.744385
31.420898	-8.233643	7.965088
29.907227	-8.666992	9.191895
28.570557	-8.978271	10.040283
27.642822	-8.966064	10.760498
26.135254	-8.502197	11.694336
24.346924	-7.702637	12.835693
22.955322	-6.799316	13.671875
21.380615	-5.541992	14.508057
19.299316	-4.748535	15.429688
14.984131	-4.772949	16.955566
13.165283	-4.833984	17.425537
11.224365	-5.291748	17.852783
8.898926	-5.883789	18.115234
6.04248	-6.469727	18.475342
3.198242	-7.012939	18.481445
0.488281	-7.696533	18.347168
-1.831055	-8.483887	18.121338
-3.759766	-8.959961	17.816162
-5.487061	-9.210205	17.462158
-7.312012	-9.179688	17.095947
-9.411621	-8.764648	16.705322
-11.224365	-7.861328	16.186523
-12.530518	-6.903076	16.021729
-14.025879	-4.760742	15.643311
-14.831543	-3.997803	15.386963
-15.820313	-3.338623	15.087891
-16.687012	-2.764893	14.648438
-17.578125	-2.294922	14.282227
-18.304443	-2.398682	13.916016
-19.104004	-2.734375	13.470459
-19.927979	-3.57666	12.988281
-20.770264	-4.656982	12.408447
-21.44165	-5.938721	11.853027
-22.052002	-7.214355	11.334229
-22.454834	-8.319092	10.913086
-22.839355	-9.173584	10.491943
-23.278809	-9.863281	10.162354
-23.535156	-11.26709	9.729004
-23.248291	-12.109375	9.667969
-23.040771	-13.214111	9.466553
-22.668457	-14.837646	9.051514
-22.302246	-16.638184	8.563232
-21.697998	-18.29834	8.074951
-21.551514	-19.458008	7.501221
-21.630859	-20.410156	6.774902
-21.801758	-21.185303	6.097412
-21.807861	-21.832275	5.505371
-21.820068	-22.44873	5.187988
-21.728516	-23.266602	4.382324
-21.636963	-24.279785	3.607178
-20.831299	-26.293945	2.23999
-19.812012	-27.7771	1.538086
-18.597412	-28.948975	1.025391
-17.572021	-29.571533	1.141357
-16.668701	-29.888916	1.403809
-15.960693	-30.078125	1.66626
-15.228271	-30.358887	1.605225
-14.404297	-31.005859	1.385498
-13.299561	-31.738281	0.830078
-12.005615	-32.751465	0.146484
-10.882568	-33.551025	-0.622559
-10.168457	-34.155273	-1.220703
-9.515381	-34.802246	-2.01416
-8.477783	-35.491943	-2.966309
-5.79834	-36.993408	-5.145264
-4.174805	-37.817383	-6.835937
-2.655029	-38.336182	-7.946777
-1.153564	-38.726807	-8.80127
0.421143	-38.94043	-10.028076
1.928711	-39.215088	-10.845947
3.521729	-39.349365	-11.859131
4.833984	-39.422607	-13.104248
5.847168	-39.526367	-14.715576
6.665039	-39.49585	-16.424561
7.324219	-39.404297	-18.005371
7.867432	-39.324951	-19.342041
8.392334	-39.178467	-20.715332
9.301758	-38.708496	-22.814941
10.418701	-38.482666	-23.260498
12.036133	-38.201904	-23.370361
13.946533	-37.615967	-23.358154
15.95459	-37.121582	-23.352051
17.529297	-36.395264	-23.919678
18.774414	-35.81543	-24.853516
19.805908	-35.137939	-26.153564
20.617676	-34.350586	-27.990723
20.965576	-33.575439	-29.797363
20.916748	-32.8125	-32.019043
20.544434	-31.842041	-34.338379
20.452881	-30.651855	-36.566162
20.593262	-29.412842	-38.464355
21.264648	-27.270508	-40.789795
21.826172	-26.940918	-40.820312
22.576904	-26.751709	-40.582275
22.961426	-26.367187	-40.667725
23.144531	-25.970459	-41.003418
23.028564	-25.622559	-41.577148
22.723389	-25.305176	-42.120361
22.003174	-25.256348	-42.718506
21.30127	-25.335693	-43.286133
20.465088	-25.085449	-43.994141
19.677734	-24.694824	-44.836426
18.951416	-24.11499	-45.770264
18.621826	-23.461914	-46.64917
18.54248	-22.723389	-47.210693
18.310547	-21.203613	-48.516846
18.103027	-20.556641	-49.078369
17.584229	-19.543457	-50.067139
16.503906	-18.609619	-51.062012
15.362549	-18.078613	-51.800537
14.093018	-17.480469	-52.581787
12.451172	-17.224121	-53.271484
10.388184	-16.607666	-54.156494
8.154297	-15.948486	-54.986572
6.25	-15.368652	-55.432129
4.962158	-14.123535	-56.213379
4.156494	-12.078857	-57.086182
3.68042	-9.594727	-57.965088
2.124023	-4.351807	-59.283447
0.506592	-1.977539	-59.643555
-0.952148	0.726318	-59.899902
-1.12915	3.582764	-59.924316
1.147461	4.943848	-60.015869
4.541016	5.041504	-60.003662
6.848145	5.145264	-59.851074
7.562256	5.548096	-59.80835
7.220459	6.12793	-59.912109
6.671143	6.481934	-59.899902
5.529785	6.555176	-60.021973
3.771973	6.109619	-60.046387
1.721191	4.681396	-60.131836
-0.22583	2.215576	-60.107422
-4.522705	-2.386475	-59.155273
-7.147217	-3.131104	-58.618164
-9.448242	-3.393555	-58.02002
-11.187744	-3.961182	-57.4646
-12.29248	-5.499268	-56.665039
-12.982178	-7.940674	-55.932617
-13.262939	-10.119629	-55.108643
-13.299561	-11.523438	-54.632568
-13.354492	-11.84082	-54.400635
-14.239502	-11.486816	-54.229736
-16.186523	-10.357666	-53.851318
-18.005371	-8.843994	-53.527832
-19.024658	-7.69043	-53.448486
-18.890381	-7.116699	-53.594971
-19.287109	-6.622314	-53.430176
-19.787598	-6.70166	-53.283691
-19.750977	-7.611084	-52.911377
-19.604492	-9.692383	-52.410889
-19.458008	-12.39624	-51.226807
-19.134521	-14.959717	-50.292969
-18.658447	-16.339111	-49.725342
-18.609619	-16.05835	-49.932861
-19.104004	-14.031982	-50.830078
-19.696045	-11.2854	-51.855469
-20.367432	-8.990479	-52.392578
-21.276855	-7.836914	-52.233887
-22.155762	-8.172607	-51.586914
-22.894287	-9.332275	-50.579834
-23.303223	-8.831787	-50.598145
-23.358154	-8.36792	-50.665283
-23.126221	-8.355713	-50.726318
-23.181152	-8.508301	-50.78125
-23.803711	-8.215332	-50.439453
-25.109863	-7.049561	-49.890137
-26.391602	-5.206299	-49.414062
-27.166748	-2.874756	-49.407959
-27.545166	-0.299072	-49.383545
-27.416992	1.489258	-49.493408
-27.148437	2.282715	-49.822998
-27.319336	2.319336	-49.713135
-28.900146	2.069092	-48.33374
-29.229736	3.601074	-48.022461
-29.089355	6.109619	-47.851562
-29.217529	8.71582	-47.216797
-29.974365	10.211182	-45.977783
-30.609131	11.346436	-44.87915
-30.877686	12.915039	-43.786621
-31.469727	14.538574	-42.138672
-32.116699	16.046143	-40.155029
-32.598877	17.401123	-38.226318
-32.824707	18.365479	-36.486816
-33.050537	19.281006	-34.960937
-32.910156	20.422363	-33.349609
-32.531738	21.875	-31.561279
-31.317139	24.676514	-27.325439
-30.859375	25.518799	-24.884033
-30.444336	25.939941	-22.2229
-30.102539	26.171875	-19.622803
-29.620361	26.141357	-17.102051
-29.406738	25.952148	-15.142822
-29.25415	25.482178	-13.781738
-29.205322	25.030518	-12.512207
-28.90625	24.682617	-11.114502
-28.540039	24.200439	-9.375
-27.972412	23.706055	-7.556152
-27.246094	23.321533	-5.706787
-26.379395	23.126221	-4.321289
-24.542236	23.199463	-2.166748
-23.327637	23.0896	-0.732422
-21.881104	22.674561	1.104736
-20.202637	22.460937	2.520752
-18.945312	22.540283	3.430176
-18.017578	22.265625	4.205322
-17.205811	21.539307	5.444336
-15.930176	20.800781	6.530762
-14.849854	20.135498	7.666016
-13.885498	19.189453	8.642578
-12.915039	18.518066	9.58252
-11.895752	17.871094	10.38208
-10.742188	16.693115	11.437988
-9.545898	15.661621	12.463379
-6.762695	13.818359	14.105225
-5.480957	13.226318	14.648438
-4.217529	12.750244	15.100098
-3.173828	12.219238	15.393066
-2.22168	11.242676	15.991211
-1.281738	10.05249	16.345215
-0.720215	8.459473	16.949463
-0.463867	6.585693	17.388916
-0.3479	4.718018	17.828369
0.12207	3.295898	18.048096
1.116943	2.264404	18.292236
2.258301	1.672363	18.365479
3.289795	1.00708	18.389893
4.370117	0.10376	18.487549
6.518555	-2.026367	18.505859
7.672119	-3.057861	18.42041
8.605957	-4.046631	18.334961
9.472656	-5.041504	18.127441
10.05249	-6.35376	18.048096
10.473633	-7.763672	17.730713
10.705566	-9.362793	17.486572
10.986328	-10.852051	17.102051
11.273193	-12.103271	16.711426
11.566162	-13.049316	16.363525
11.84082	-13.891602	16.101074
12.213135	-14.61792	15.814209
12.316895	-15.258789	15.545654
12.231445	-16.442871	15.209961
11.987305	-16.699219	15.161133
11.651611	-16.845703	15.209961
11.132813	-16.790771	15.386963
10.955811	-16.680908	15.515137
11.260986	-16.387939	15.588379
11.865234	-15.472412	15.661621
12.194824	-14.233398	15.979004
12.213135	-12.927246	16.30249
11.889648	-11.773682	16.662598
11.474609	-10.778809	17.071533
11.242676	-9.649658	17.230225
11.096191	-8.148193	17.553711
10.870361	-6.207275	17.810059
10.308838	-2.587891	18.035889
9.7229	-1.2146	18.084717
9.112549	-0.091553	18.115234
8.605957	1.025391	18.115234
8.355713	2.233887	17.956543
8.148193	3.424072	17.895508
7.885742	4.56543	17.590332
7.501221	5.609131	17.407227
7.049561	6.262207	17.315674
6.439209	6.365967	17.327881
5.682373	6.079102	17.382812
4.79126	5.700684	17.572021
3.845215	5.804443	17.657471
1.9104	7.476807	17.260742
1.013184	8.227539	16.967773
0.073242	8.776855	16.85791
-0.848389	9.436035	16.601562
-1.702881	10.766602	16.070557
-2.111816	12.567139	15.350342
-2.099609	15.045166	14.221191
-1.654053	18.139648	12.609863
-1.385498	21.929932	10.076904
-1.45874	25.689697	6.896973
-1.855469	28.839111	3.607178
-2.331543	31.433105	0.32959
-3.00293	33.581543	-2.996826
-3.796387	35.38208	-6.45752
-5.065918	37.37793	-11.773682
-5.480957	37.792969	-13.427734
-5.822754	38.195801	-15.19165
-6.079102	38.537598	-17.156982
-6.25	38.879395	-18.981934
-6.097412	38.977051	-20.562744
-5.792236	39.221191	-21.868896
-5.450439	39.276123	-23.284912
-5.444336	39.422607	-24.639893
-5.358887	39.355469	-25.518799
-5.053711	39.422607	-26.135254
-4.559326	39.459229	-26.196289
-3.814697	39.556885	-26.245117
-3.057861	39.685059	-26.269531
-1.062012	39.880371	-25.866699
0.201416	39.971924	-25.750732
1.452637	39.996338	-25.823975
2.642822	39.990234	-25.958252
3.656006	39.996338	-26.605225
4.3396	39.849854	-27.886963
4.681396	39.654541	-29.58374
4.949951	39.306641	-31.756592
5.145264	38.647461	-34.356689
5.36499	37.72583	-37.109375
5.59082	36.51123	-40.057373
5.688477	35.009766	-42.858887
5.743408	33.276367	-45.501709
5.81665	29.217529	-50.189209
5.944824	27.075195	-52.087402
5.92041	24.804687	-53.826904
5.645752	22.570801	-55.297852
5.230713	20.281982	-56.542969
4.614258	17.834473	-57.727051
3.961182	15.344238	-58.666992
3.265381	12.921143	-59.558105
2.893066	10.614014	-60.015869
2.783203	8.569336	-60.327148
2.941895	6.665039	-60.583496
3.179932	4.675293	-60.766602
3.417969	2.532959	-60.620117
4.064941	0.354004	-60.479736
6.030273	-3.22876	-59.942627
7.006836	-4.968262	-59.47876
7.37915	-6.768799	-58.947754
7.336426	-8.532715	-58.496094
7.006836	-9.912109	-58.026123
6.994629	-11.035156	-57.757568
7.470703	-11.49292	-57.525635
8.343506	-11.82251	-57.324219
9.442139	-12.304688	-57.000732
10.72998	-13.079834	-56.463623
12.005615	-14.007568	-55.645752
13.305664	-15.203857	-54.833984
14.709473	-16.52832	-53.759766
17.645264	-19.53125	-50.689697
18.701172	-21.44165	-48.754883
19.86084	-23.327637	-46.588135
20.806885	-24.285889	-45.129395
21.276855	-24.572754	-44.604492
21.221924	-25.305176	-43.682861
21.435547	-26.776123	-42.077637
21.881104	-27.893066	-40.289307
22.058105	-28.833008	-38.989258
21.929932	-29.376221	-38.262939
22.08252	-29.669189	-37.701416
22.454834	-30.0354	-36.810303
22.943115	-30.36499	-35.766602
23.553467	-30.456543	-34.881592
25.079346	-30.371094	-33.056641
25.970459	-30.389404	-31.884766
26.757812	-30.450439	-30.725098
27.368164	-30.358887	-29.864502
27.758789	-30.426025	-29.058838
28.02124	-30.493164	-28.399658
28.265381	-30.578613	-27.850342
28.35083	-30.670166	-27.325439
28.369141	-30.853271	-26.721191
28.173828	-31.158447	-26.342773
27.838135	-31.500244	-25.982666
27.459717	-31.92749	-25.109863
27.148437	-32.312012	-23.773193
26.977539	-32.714844	-22.491455
26.135254	-33.465576	-18.475342
25.524902	-33.764648	-16.064453
24.963379	-34.04541	-14.147949
24.237061	-34.185791	-12.579346
23.553467	-34.25293	-11.248779
22.65625	-34.588623	-10.455322
21.600342	-35.046387	-9.729004
20.568848	-35.211182	-8.94165
19.726562	-35.308838	-7.879639
18.890381	-35.345459	-6.915283
18.005371	-35.473633	-6.158447
17.089844	-35.510254	-5.255127
16.162109	-35.449219	-4.315186
13.903809	-35.272217	-2.130127
12.591553	-35.113525	-1.086426
11.242676	-34.863281	0.0
9.631348	-34.509277	1.324463
7.60498	-34.008789	2.471924
5.603027	-33.92334	3.173828
4.101562	-33.435059	3.875732
2.697754	-32.476807	5.145264
1.391602	-31.445312	6.500244
-0.305176	-30.737305	7.110596
-2.270508	-30.383301	7.293701
-4.034424	-30.12085	7.318115
-5.371094	-29.91333	7.177734
-8.69751	-29.467773	6.732178
-10.882568	-29.248047	6.04248
-13.085938	-28.942871	5.462646
-15.06958	-28.259277	4.980469
-16.760254	-27.636719	4.754639
-18.07251	-26.855469	4.443359
-19.628906	-26.00708	4.211426
-21.057129	-25.140381	3.833008
-22.180176	-24.621582	3.485107
-22.888184	-24.224854	3.112793
-23.773193	-23.638916	2.813721
-24.914551	-22.796631	2.392578
-26.190186	-21.984863	1.898193
-27.355957	-21.118164	1.361084
-29.376221	-19.384766	0.408936
-30.285645	-18.457031	0.061035
-31.048584	-17.755127	-0.390625
-31.555176	-17.254639	-0.854492
-32.012939	-16.955566	-1.239014
-32.305908	-16.8396	-1.654053
-32.495117	-16.833496	-1.9104
-32.8125	-16.400146	-2.294922
-33.270264	-15.606689	-2.301025
-33.410645	-14.868164	-2.154541
-33.709717	-14.190674	-2.11792
-34.161377	-13.61084	-2.502441
-34.58252	-13.598633	-3.265381
-34.802246	-13.61084	-3.686523
-34.820557	-13.287354	-3.35083
-34.558105	-13.40332	-2.862549
-34.307861	-13.513184	-2.581787
-34.173584	-13.598633	-2.471924
-33.984375	-13.928223	-2.22168
-33.532715	-14.385986	-2.038574
-33.209229	-14.752197	-1.690674
-32.806396	-15.075684	-1.385498
-32.318115	-15.753174	-1.141357
-31.604004	-16.693115	-0.860596
-30.957031	-17.718506	-0.671387
-30.34668	-18.823242	-0.799561
-29.748535	-20.031738	-0.933838
-27.709961	-22.686768	-0.976562
-26.409912	-24.102783	-0.848389
-24.957275	-25.427246	-0.695801
-23.291016	-26.654053	-0.164795
-21.405029	-27.685547	0.311279
-19.641113	-28.527832	0.98877
-18.011475	-29.095459	1.68457
-16.625977	-29.473877	2.185059
-15.216064	-29.956055	2.441406
-13.812256	-30.560303	2.593994
-12.402344	-31.195068	2.55127
-10.882568	-31.878662	2.429199
-9.411621	-32.543945	2.191162
-7.818604	-33.227539	1.9104
-4.614258	-34.60083	0.787354
-2.984619	-35.36377	-0.109863
-1.281738	-36.114502	-1.12915
0.476074	-36.755371	-2.349854
1.940918	-37.408447	-3.991699
3.076172	-38.189697	-5.999756
4.13208	-38.793945	-8.465576
5.322266	-39.294434	-11.071777
6.665039	-39.508057	-13.494873
7.983398	-39.501953	-15.808105
9.179688	-39.343262	-17.712402
10.540771	-39.0625	-19.335937
11.962891	-38.659668	-20.788574
14.672852	-37.62207	-23.675537
16.046143	-36.981201	-24.993896
17.205811	-36.346436	-26.055908
18.011475	-35.699463	-27.185059
18.707275	-35.162354	-28.326416
19.433594	-34.533691	-29.284668
20.391846	-33.935547	-30.0354
21.405029	-33.270264	-30.639648
22.436523	-32.495117	-31.335449
23.443604	-31.604004	-32.073975
24.603271	-30.651855	-32.965088
25.714111	-29.406738	-33.996582
26.849365	-28.02124	-35.009766
27.978516	-26.635742	-35.864258
30.041504	-24.298096	-36.724854
30.841064	-23.156738	-37.109375
31.628418	-22.167969	-37.506104
32.440186	-20.806885	-38.000488
33.233643	-19.372559	-38.7146
33.746338	-17.895508	-39.361572
34.020996	-16.845703	-40.203857
33.972168	-15.563965	-41.192627
33.886719	-14.575195	-42.29126
33.404541	-13.7146	-43.42041
32.440186	-13.220215	-44.818115
30.706787	-12.915039	-46.508789
28.479004	-13.110352	-48.254395
26.177979	-13.061523	-49.810791
22.338867	-12.280273	-52.355957
20.288086	-11.468506	-53.692627
17.932129	-10.418701	-55.0354
15.185547	-9.124756	-56.463623
12.298584	-7.531738	-57.739258
9.375	-5.517578	-58.776855
6.35376	-3.710938	-59.625244
3.265381	-1.879883	-59.991455
0.610352	-0.12207	-60.388184
-1.635742	1.928711	-60.302734
-3.344727	4.095459	-60.113525
-4.852295	6.494141	-59.820557
-6.549072	8.770752	-59.277344
-11.010742	12.255859	-57.501221
-13.299561	12.774658	-56.420898
-15.332031	13.269043	-55.371094
-17.272949	13.641357	-54.431152
-19.0979	13.604736	-53.369141
-21.032715	13.439941	-52.301025
-22.845459	13.128662	-51.153564
-24.334717	13.07373	-50.195312
-25.402832	13.354492	-49.090576
-26.33667	13.977051	-48.0896
-26.940918	14.453125	-47.2229
-27.557373	14.660645	-46.490479
-28.216553	14.367676	-45.97168
-28.997803	13.671875	-45.52002
-30.303955	12.06665	-44.677734
-30.59082	11.590576	-44.580078
-30.627441	11.480713	-44.567871
-30.841064	11.456299	-44.268799
-31.243896	11.547852	-43.621826
-31.835937	11.395264	-43.005371
-32.110596	11.352539	-42.626953
-32.006836	11.645508	-42.608643
-31.45752	12.518311	-42.889404
-30.718994	13.549805	-43.52417
-29.58374	13.873291	-44.604492
-29.748535	13.409424	-44.683838
-31.097412	12.164307	-43.572998
-32.354736	10.345459	-42.828369
-32.025146	7.958984	-43.859863
-31.512451	8.734131	-44.354248
-31.335449	10.217285	-43.97583
-31.02417	11.303711	-44.073486
-30.554199	11.535645	-44.494629
-29.46167	11.51123	-45.758057
-27.838135	12.689209	-47.021484
-27.032471	14.733887	-46.942139
-25.909424	16.876221	-46.911621
-24.615479	17.834473	-47.454834
-23.651123	17.779541	-48.242187
-23.382568	17.06543	-49.041748
-23.66333	16.156006	-49.230957
-22.619629	15.124512	-50.45166
-21.636963	15.063477	-51.153564
-20.86792	14.733887	-51.78833
-19.989014	13.964844	-52.55127
-19.171143	12.524414	-53.546143
-17.96875	10.71167	-54.650879
-16.357422	8.673096	-55.877686
-13.964844	6.451416	-57.128906
-10.882568	3.778076	-58.276367
-6.848145	0.646973	-59.191895
-2.227783	-3.143311	-59.460449
2.508545	-7.13501	-58.69751
6.616211	-10.736084	-57.330322
9.692383	-13.38501	-55.69458
13.38501	-15.216064	-53.973389
14.428711	-14.105225	-54.199219
15.002441	-12.390137	-54.833984
15.026855	-10.906982	-55.297852
14.532471	-10.620117	-55.529785
13.85498	-11.82251	-55.267334
13.409424	-13.537598	-54.754639
13.861084	-14.794922	-53.918457
15.386963	-14.849854	-53.491211
17.657471	-13.818359	-53.204346
20.111084	-12.591553	-52.941895
22.351074	-11.541748	-52.11792
24.700928	-10.48584	-51.367187
29.095459	-7.836914	-49.475098
30.529785	-6.896973	-48.492432
31.756592	-6.390381	-47.924805
32.391357	-6.292725	-47.210693
32.751465	-6.347656	-46.765137
32.836914	-6.573486	-46.710205
32.702637	-7.025146	-46.679687
32.48291	-7.800293	-46.618652
32.13501	-8.959961	-46.508789
31.652832	-10.308838	-46.520996
30.975342	-11.401367	-46.575928
30.426025	-12.225342	-46.575928
30.126953	-12.695313	-46.520996
30.078125	-12.854004	-46.44165
30.322266	-12.341309	-46.490479
30.712891	-11.212158	-46.643066
31.231689	-9.637451	-46.99707
31.726074	-7.995605	-47.338867
31.878662	-6.585693	-47.631836
32.275391	-5.26123	-47.723389
32.336426	-3.863525	-48.077393
32.366943	-2.349854	-48.535156
32.189941	-0.805664	-48.846436
32.202148	0.048828	-49.066162
31.988525	0.732422	-49.212646
31.738281	1.391602	-49.523926
31.292725	2.215576	-49.816895
30.566406	3.533936	-50.366211
29.919434	4.01001	-50.787354
29.034424	4.626465	-51.379395
28.173828	5.126953	-51.940918
27.539062	5.377197	-52.526855
27.062988	5.163574	-52.764893
26.605225	4.779053	-53.161621
25.933838	4.626465	-53.607178
25.256348	4.412842	-54.174805
24.255371	4.162598	-54.693604
23.144531	3.33252	-55.36499
21.722412	2.270508	-55.969238
20.233154	1.428223	-56.555176
18.725586	0.939941	-57.116699
16.601562	0.579834	-57.745361
16.192627	0.457764	-57.855225
16.101074	0.848389	-57.952881
16.052246	1.99585	-57.983398
16.040039	3.356934	-58.154297
15.899658	4.278564	-58.117676
15.783691	4.840088	-58.197021
15.356445	5.291748	-58.325195
14.715576	5.804443	-58.654785
13.879395	6.390381	-58.862305
12.939453	6.201172	-59.008789
11.651611	5.615234	-59.332275
10.321045	4.888916	-59.490967
9.326172	4.504395	-59.686279
9.625244	5.273437	-59.613037
10.058594	6.359863	-59.399414
10.168457	7.147217	-59.332275
9.838867	7.36084	-59.368896
8.94165	6.726074	-59.60083
7.867432	5.59082	-59.814453
6.640625	4.437256	-60.083008
5.541992	3.735352	-60.089111
4.669189	3.302002	-60.314941
3.845215	3.094482	-60.314941
3.259277	2.947998	-60.296631
3.045654	2.819824	-60.229492
3.33252	3.082275	-60.314941
4.302979	4.711914	-60.186768
4.553223	5.255127	-60.180664
4.248047	5.267334	-60.089111
3.692627	4.632568	-60.192871
3.155518	3.625488	-60.198975
2.593994	2.575684	-60.180664
1.751709	1.477051	-60.15625
0.585937	0.018311	-60.113525
-0.494385	-1.78833	-59.875488
-1.342773	-3.753662	-59.60083
-2.026367	-5.413818	-59.173584
-2.587891	-7.165527	-58.721924
-3.039551	-8.770752	-58.1604
-3.338623	-10.565186	-57.470703
-3.466797	-13.244629	-56.341553
-3.271484	-13.977051	-56.011963
-2.850342	-14.178467	-55.944824
-2.484131	-14.318848	-56.030273
-2.227783	-14.428711	-55.841064
-2.34375	-14.776611	-55.767822
-2.539063	-15.106201	-55.627441
-2.679443	-15.576172	-55.432129
-2.490234	-15.844727	-55.291748
-2.160645	-16.461182	-54.998779
-1.495361	-17.272949	-54.595947
-0.744629	-18.395996	-53.967285
-0.067139	-19.549561	-53.271484
0.567627	-21.496582	-51.867676
0.439453	-22.338867	-51.257324
0.048828	-23.248291	-50.494385
-0.616455	-24.035645	-49.786377
-1.226807	-24.725342	-49.163818
-1.44043	-25.195312	-48.748779
-1.239014	-25.415039	-48.547363
-0.842285	-25.360107	-48.614502
-0.57373	-25.543213	-48.614502
-0.183105	-25.671387	-48.498535
0.45166	-25.952148	-48.327637
1.257324	-25.970459	-48.33374
2.160645	-25.488281	-48.840332
3.131104	-24.597168	-49.499512
4.486084	-22.583008	-51.116943
4.510498	-21.77124	-51.654053
4.315186	-21.600342	-51.89209
3.967285	-21.575928	-51.733398
3.405762	-22.021484	-51.519775
2.490234	-22.528076	-51.153564
1.171875	-23.144531	-50.689697
-0.213623	-23.681641	-50.20752
-1.287842	-24.206543	-49.719238
-1.843262	-24.487305	-49.468994
-1.617432	-24.591064	-49.414062
0.372314	-24.89624	-49.151611
2.081299	-25.378418	-48.828125
4.095459	-25.097656	-48.986816
4.931641	-25.67749	-48.382568
5.133057	-26.989746	-47.076416
4.431152	-29.217529	-44.732666
3.344727	-31.890869	-41.156006
2.062988	-34.869385	-36.199951
0.90332	-37.17041	-30.773926
-0.042725	-38.433838	-26.672363
-0.549316	-38.62915	-25.689697
-0.463867	-38.195801	-27.679443
0.323486	-37.39624	-30.249023
1.269531	-37.188721	-31.091309
0.964355	-37.585449	-29.852295
0.10376	-38.342285	-27.197266
-0.286865	-38.928223	-24.169922
0.915527	-38.824463	-24.786377
2.368164	-38.696289	-25.775146
3.460693	-38.690186	-25.939941
3.735352	-38.806152	-24.902344
3.295898	-39.245605	-22.808838
3.302002	-39.471436	-20.043945
3.69873	-39.61792	-17.1875
2.984619	-39.599609	-15.936279
2.435303	-39.569092	-15.252686
2.441406	-39.361572	-14.318848
1.940918	-39.355469	-12.908936
1.226807	-39.007568	-10.955811
0.927734	-38.537598	-8.642578
1.190186	-37.854004	-6.072998
1.379395	-37.792969	-5.865479
1.623535	-37.805176	-6.02417
1.99585	-37.963867	-6.054687
2.46582	-37.731934	-5.883789
2.856445	-37.518311	-4.89502
3.295898	-37.030029	-3.729248
3.759766	-36.657715	-2.642822
4.205322	-36.358643	-2.294922
4.644775	-36.352539	-2.288818
5.352783	-36.639404	-3.137207
6.072998	-36.92627	-3.845215
6.384277	-37.060547	-4.138184
6.195068	-37.481689	-5.236816
6.848145	-37.860107	-6.671143
7.574463	-37.982178	-7.281494
8.050537	-37.738037	-6.860352
8.795166	-37.420654	-5.987549
9.838867	-37.139893	-5.657959
10.913086	-36.962891	-5.761719
11.920166	-36.71875	-5.981445
12.95166	-36.560059	-5.999756
13.909912	-36.315918	-6.262207
14.94751	-36.138916	-6.335449
15.881348	-35.845947	-6.384277
16.796875	-35.5896	-6.47583
17.675781	-35.266113	-6.640625
19.866943	-34.637451	-7.4646
21.30127	-34.069824	-7.678223
22.424316	-33.587646	-7.8125
23.272705	-33.26416	-8.410645
24.023437	-33.221436	-9.698486
24.475098	-33.404541	-11.94458
24.926758	-33.532715	-14.379883
25.567627	-33.288574	-16.473389
26.556396	-32.800293	-17.974854
27.661133	-32.025146	-19.464111
28.790283	-31.14624	-20.623779
29.6875	-30.395508	-21.502686
30.560303	-29.711914	-21.661377
32.098389	-28.375244	-22.131348
32.69043	-27.844238	-22.155762
33.197021	-27.355957	-22.247314
33.685303	-26.873779	-22.650146
34.04541	-26.373291	-23.120117
34.460449	-26.031494	-23.309326
34.887695	-25.494385	-23.699951
35.516357	-24.737549	-24.310303
36.114502	-23.840332	-24.975586
36.712646	-23.126221	-25.439453
37.225342	-22.143555	-26.092529
37.902832	-21.270752	-26.617432
38.378906	-20.349121	-27.032471
39.031982	-19.647217	-27.307129
40.216064	-17.156982	-27.612305
41.003418	-15.734863	-27.380371
41.625977	-14.300537	-27.532959
42.06543	-12.573242	-29.01001
42.205811	-10.650635	-30.834961
42.39502	-9.570313	-31.677246
42.559814	-9.222412	-31.25
42.822266	-9.338379	-30.67627
42.84668	-9.088135	-30.621338
42.962646	-8.624268	-30.999756
43.029785	-8.392334	-30.859375
43.469238	-7.946777	-29.827881
43.927002	-7.122803	-28.619385
44.445801	-4.956055	-27.935791
44.561768	-4.241943	-27.960205
44.506836	-4.13208	-28.179932
44.342041	-4.803467	-28.253174
44.20166	-5.950928	-28.253174
43.97583	-6.982422	-28.051758
43.981934	-7.324219	-27.941895
44.122314	-6.90918	-27.770996
44.421387	-5.810547	-27.539062
44.671631	-4.455566	-27.655029
44.836426	-3.088379	-27.880859
44.836426	-1.660156	-28.009033
44.897461	-0.579834	-28.100586
44.744873	0.042725	-28.741455
43.988037	-1.043701	-31.091309
43.493652	-2.264404	-32.23877
43.151855	-3.082275	-32.879639
42.810059	-3.4729	-33.563232
42.523193	-3.55835	-34.558105
42.077637	-3.424072	-35.498047
41.931152	-2.990723	-36.126709
41.955566	-2.197266	-36.181641
42.218018	-1.495361	-35.894775
42.449951	-0.689697	-35.552979
42.63916	0.311279	-35.211182
42.504883	1.23291	-35.443115
42.138672	1.574707	-36.14502
40.783691	0.408936	-38.787842
39.886475	-0.653076	-39.94751
39.117432	-1.660156	-41.094971
38.153076	-2.319336	-42.242432
37.109375	-2.453613	-43.457031
36.04126	-2.34375	-45.001221
34.820557	-2.471924	-46.209717
33.612061	-3.125	-47.32666
32.281494	-4.25415	-48.388672
30.932617	-5.963135	-49.084473
29.345703	-7.659912	-49.700928
27.91748	-9.020996	-50.292969
26.800537	-9.692383	-50.726318
26.062012	-9.899902	-51.135254
24.188232	-9.417725	-52.392578
23.175049	-9.393311	-52.874756
22.094727	-9.674072	-53.405762
21.173096	-10.455322	-53.601074
20.159912	-11.71875	-53.399658
18.927002	-13.110352	-53.33252
17.260742	-14.117432	-53.55835
15.539551	-14.874268	-53.833008
13.647461	-15.447998	-54.144287
12.072754	-16.192627	-54.156494
10.852051	-16.931152	-53.930664
10.076904	-17.364502	-53.948975
9.460449	-17.388916	-53.967285
9.082031	-17.462158	-53.967285
8.502197	-18.334961	-53.503418
7.849121	-19.18335	-52.978516
6.707764	-20.550537	-52.172852
4.992676	-22.528076	-50.921631
3.259277	-24.664307	-49.224854
1.727295	-26.78833	-47.442627
0.567627	-28.277588	-45.812988
-0.048828	-29.364014	-44.732666
-0.372314	-29.473877	-44.53125
-0.482178	-28.979492	-45.08667
-0.366211	-27.978516	-46.19751
0.018311	-27.197266	-47.076416
0.427246	-26.78833	-47.473145
-0.219727	-27.91748	-46.19751
-1.531982	-29.052734	-44.897461
-3.027344	-30.0354	-43.389893
-4.296875	-30.731201	-42.1875
-5.285645	-31.262207	-41.320801
-6.25	-31.347656	-40.771484
-7.397461	-31.494141	-40.447998
-8.660889	-31.37207	-40.057373
-9.844971	-31.390381	-39.532471
-10.900879	-31.231689	-39.239502
-11.810303	-31.225586	-38.964844
-12.579346	-31.170654	-38.48877
-13.677979	-31.207275	-37.72583
-14.892578	-31.378174	-36.621094
-17.06543	-31.964111	-33.605957
-18.048096	-32.354736	-31.719971
-19.152832	-32.678223	-29.400635
-20.440674	-32.867432	-26.635742
-21.868896	-32.739258	-23.54126
-23.205566	-32.250977	-20.300293
-24.365234	-31.5979	-17.1875
-24.914551	-30.926514	-14.367676
-25.061035	-30.523682	-12.237549
-24.719238	-30.419922	-10.949707
-24.176025	-30.706787	-10.095215
-23.321533	-31.097412	-9.442139
-22.528076	-31.488037	-8.630371
-21.112061	-31.616211	-6.268311
-20.635986	-31.726074	-5.566406
-20.349121	-31.988525	-5.853271
-20.080566	-32.592773	-6.933594
-19.775391	-33.239746	-8.850098
-19.665527	-33.862305	-10.357666
-19.610596	-33.92334	-11.010742
-19.671631	-33.782959	-10.522461
-19.281006	-33.630371	-9.405518
-18.395996	-33.795166	-8.026123
-16.949463	-34.191895	-7.269287
-15.393066	-34.698486	-6.591797
-13.812256	-35.113525	-5.731201
-12.530518	-34.936523	-4.040527
-9.643555	-33.319092	1.2146
-8.544922	-32.36084	3.326416
-7.940674	-31.713867	4.351807
-7.751465	-31.585693	4.608154
-7.434082	-31.762695	4.443359
-6.726074	-32.110596	4.315186
-5.596924	-32.214355	4.47998
-4.241943	-32.13501	4.858398
-2.893066	-32.080078	5.163574
-1.660156	-32.073975	5.236816
-0.45166	-32.183838	5.108643
0.482178	-32.299805	5.133057
1.342773	-32.183838	5.358887
1.99585	-31.695557	5.9021
2.91748	-30.279541	7.70874
3.338623	-29.382324	8.581543
4.003906	-28.45459	9.436035
4.815674	-27.34375	10.388184
5.908203	-25.891113	11.376953
7.049561	-24.475098	12.353516
8.361816	-23.223877	12.963867
9.667969	-22.576904	13.104248
10.699463	-22.583008	12.719727
11.444092	-22.949219	12.487793
12.445068	-23.22998	11.94458
13.812256	-23.492432	11.468506
15.447998	-23.608398	10.821533
18.908691	-22.827148	9.881592
20.446777	-21.954346	9.777832
21.942139	-20.953369	9.680176
23.468018	-20.031738	9.344482
25.042725	-19.250488	8.825684
26.483154	-18.737793	8.026123
27.807617	-18.560791	7.147217
29.11377	-18.597412	5.883789
30.438232	-18.640137	4.675293
31.738281	-18.603516	3.33252
33.074951	-18.4021	2.093506
34.356689	-17.785645	0.756836
35.595703	-17.053223	-0.286865
36.730957	-16.046143	-1.239014
38.885498	-14.0625	-3.356934
39.849854	-13.452148	-4.760742
40.686035	-12.976074	-6.170654
41.375732	-12.506104	-7.440186
42.053223	-12.011719	-8.69751
42.559814	-11.450195	-9.759521
43.041992	-10.71167	-10.626221
43.389893	-9.643555	-11.120605
43.835449	-8.312988	-11.224365
44.213867	-6.420898	-11.651611
44.689941	-4.284668	-12.017822
44.891357	-1.904297	-12.445068
45.074463	0.494385	-13.012695
44.9646	3.948975	-13.739014
44.75708	4.943848	-13.409424
44.458008	5.627441	-12.695313
44.152832	6.201172	-11.84082
43.792725	6.854248	-11.010742
43.4021	7.733154	-10.308838
42.901611	8.81958	-9.7229
42.419434	10.131836	-9.515381
41.931152	11.61499	-9.564209
41.552734	13.104248	-9.881592
41.174316	14.251709	-10.522461
41.027832	14.910889	-10.699463
40.936279	14.630127	-10.449219
41.070557	13.800049	-9.680176
41.51001	12.255859	-8.966064
41.497803	12.579346	-9.423828
41.320801	13.500977	-9.838867
40.966797	14.624023	-10.296631
40.625	15.808105	-10.955811
40.380859	17.224121	-12.524414
40.124512	18.737793	-15.008545
39.94751	19.891357	-17.486572
39.935303	20.397949	-19.567871
40.197754	20.196533	-20.819092
40.41748	19.73877	-21.246338
40.936279	18.927002	-21.282959
41.339111	18.078613	-21.398926
42.022705	16.790771	-22.412109
42.352295	16.033936	-23.065186
42.681885	15.130615	-23.907471
43.041992	14.093018	-25.164795
43.353271	12.756348	-26.489258
43.597412	11.346436	-27.801514
43.920898	9.918213	-28.424072
44.287109	8.392334	-28.088379
44.836426	7.183838	-26.885986
45.196533	6.195068	-25.134277
45.623779	5.114746	-22.857666
45.684814	3.729248	-20.489502
45.812988	2.197266	-18.261719
45.611572	0.787354	-16.351318
45.092773	-1.68457	-13.7146
44.775391	-2.648926	-12.225342
44.207764	-3.4729	-10.253906
43.395996	-4.272461	-8.074951
42.431641	-4.833984	-5.780029
41.436768	-5.059814	-3.930664
40.515137	-4.89502	-2.001953
39.4104	-4.577637	-0.384521
38.299561	-4.266357	1.385498
36.999512	-4.156494	2.972412
35.467529	-3.955078	4.870605
33.679199	-3.894043	6.616211
31.762695	-4.064941	8.410645
27.050781	-5.114746	11.749268
24.230957	-5.749512	13.391113
21.331787	-6.506348	14.764404
18.42041	-7.15332	15.905762
15.454102	-7.659912	16.894531
12.280273	-8.178711	17.578125
9.161377	-9.399414	17.926025
6.274414	-11.090088	17.956543
3.4729	-12.860107	17.712402
0.67749	-14.477539	17.242432
-2.11792	-15.649414	16.699219
-5.218506	-16.375732	16.040039
-8.221436	-16.400146	15.356445
-11.14502	-15.722656	14.923096
-16.30249	-13.40332	13.592529
-18.615723	-12.243652	12.866211
-20.861816	-11.230469	11.956787
-23.028564	-10.339355	10.864258
-25.10376	-9.417725	9.448242
-27.203369	-8.59375	7.928467
-29.138184	-7.629395	6.256104
-30.987549	-6.695557	4.498291
-32.629395	-5.908203	2.55127
-34.25293	-5.212402	0.567627
-35.638428	-4.382324	-1.525879
-36.950684	-3.265381	-3.637695
-37.939453	-2.416992	-5.505371
-39.343262	-1.776123	-8.856201
-39.892578	-1.763916	-10.473633
-40.368652	-1.586914	-12.072754
-40.753174	-1.281738	-13.824463
-41.015625	-0.823975	-15.374756
-41.131592	0.030518	-16.546631
-41.223145	1.171875	-17.62085
-41.18042	2.398682	-18.444824
-41.137695	3.4729	-18.884277
-41.052246	4.376221	-19.250488
-40.930176	5.57251	-19.421387
-40.618896	6.774902	-19.470215
-40.374756	8.398438	-19.439697
-39.898682	10.125732	-19.329834
-38.702393	13.562012	-18.731689
-38.104248	14.941406	-18.499756
-37.554932	16.107178	-18.109131
-36.92627	17.169189	-17.785645
-36.224365	18.328857	-17.272949
-35.357666	19.287109	-16.119385
-34.246826	20.477295	-14.556885
-32.806396	21.563721	-12.658691
-31.506348	22.436523	-11.157227
-30.267334	22.991943	-9.667969
-28.826904	23.339844	-7.244873
-26.934814	23.120117	-4.35791
-24.719238	22.589111	-0.952148
-22.644043	21.514893	2.062988
-19.842529	17.907715	6.921387
-19.110107	15.802002	8.758545
-18.444824	13.751221	10.235596
-17.388916	11.51123	11.791992
-16.125488	9.082031	13.250732
-14.978027	6.640625	14.526367
-14.117432	4.187012	15.405273
-13.598633	1.879883	15.85083
-13.061523	-0.543213	16.369629
-12.579346	-2.764893	16.552734
-12.335205	-4.785156	16.583252
-12.615967	-6.445312	16.351318
-12.738037	-7.879639	16.271973
-10.583496	-10.266113	16.571045
-8.563232	-11.05957	17.028809
-6.57959	-11.621094	17.358398
-5.230713	-11.968994	17.492676
-4.418945	-12.384033	17.504883
-3.80249	-12.93335	17.449951
-2.709961	-13.995361	17.199707
